71719,55.6757,55.814,56.5217,62.9213,
71754,57.8378,59.1398,58.7097,66.6667,
71789,59.5628,59.3407,62.0253,67.2316,
71824,59.116,57.3034,62.0253,66.2921,
71859,54.1176,52.8736,60.7362,62.2222,
71894,53.1429,48.2353,55.414,55.6818,
71929,46.988,41.1043,50,50,
71964,42.6829,37.1795,42.069,39.8693,
71999,32.9341,37.5,35.0993,38.0952,
72034,34.9112,30.7692,31.0811,35.1724,
72069,32.5153,31.2977,31.0345,31.8182,
72104,32.9268,34.3066,31.5068,30.2326,
72139,38.0282,39.7849,34.5679,38.4615,
72174,40.5405,39.3258,33.7423,41.1765,
72209,31.7647,35.8779,32.4675,36.4341,

71805.9,71773.1,71802.6,71778,
59.9854,59.5964,62.3403,67.2876,


71719,54.1899,59.5628,58.6207,65.5172,
71754,56.1798,59.7826,61.6279,66.2921,
71789,58.7302,56.5217,63.6364,65.2174,
71824,58.427,52.0468,64.7059,61.1111,
71859,54.9133,47.619,63.3136,56.1798,
71894,50.303,42.3313,57.0552,48.1928,
71929,48.538,38.2716,52.2013,45.0292,
71964,41.8182,36.3057,43.4211,37.6623,
71999,38.4615,35.7143,36.4865,37.5796,
72034,33.3333,32.0261,34.7826,38.1579,
72069,33.7662,32.4841,33.3333,35.0649,
72104,29.0323,34.1936,30.4348,34.2857,
72139,31.6456,30.8271,31.0811,36,
72174,31.7365,39.4495,33.7662,42.5743,
72209,30.2013,31.6129,32.3308,35.8974,

71802.6,71741.9,71832.1,71758.3,
59.036,60.0205,64.7672,66.3081,


71719,53.7572,54.9451,54.9669,58.1921,
71754,56.3218,57.0621,60.7362,61.6279,
71789,57.7143,60,60,67.4157,
71824,56.9767,60,59.4771,67.4157,
71859,53.8462,55.4286,61.9048,65.7143,
71894,51.4793,51.7241,52.0548,61.1111,
71929,45.7831,46.4286,49.6774,52.6627,
71964,40.8284,42.8571,41.8919,47.1698,
71999,37.037,37.1795,35.7143,40.5063,
72034,33.7209,40.5405,34.5912,46.7742,
72069,33.7662,33.3333,31.9149,35.8491,
72104,33.7349,34.3066,33.3333,31.2977,
72139,34.1463,31.6129,33.3333,34.2857,
72174,33.7278,32.2581,32.4324,34.9594,
72209,28.75,33.3333,33.3333,33.8346,

71797.7,71807.5,71851.7,71804.2,
57.7904,60.6456,62.3391,68.0399,


71719,52.0958,55.2941,56.213,61.7486,
71754,56.3218,58.427,58.5366,64.4444,
71789,57.4713,59.5628,62.1951,67.5978,
71824,55.0296,56.5217,64.9123,66.6667,
71859,53.2164,51.4451,62.6506,64.8352,
71894,50,46.1078,58.0247,59.7826,
71929,47.9769,42.1687,53.1646,55.914,
71964,39.2405,36.7742,46.4052,49.1525,
71999,34.5455,31.9444,37.415,40.5405,
72034,41.791,38.6139,35.0318,44.0994,
72069,39.823,43.4483,32.3308,40.5405,
72104,32.5,33.3333,32.8767,37.6623,
72139,28.9474,30.9353,32.4138,33.8028,
72174,29.5597,32.3741,31.5068,36.1702,
72209,32.5444,29.6,32.9032,32.8244,

71781.3,71782.9,71825.5,71796,
57.6084,59.6507,64.922,67.6942,


71719,55.0562,58.1921,51.9481,64.9717,
71754,55.6818,58.4699,56.4103,67.2316,
71789,57.3034,55.1724,61.7284,66.4804,
71824,55.814,50.5882,63.522,63.5359,
71859,54.386,46.7456,61.039,60.221,
71894,47.8788,40,56.8627,55.6757,
71929,44.7853,35.8974,52.9412,43.9024,
71964,39.7436,35.0318,44.4444,45.8564,
71999,34.2105,34.6154,38.1295,34.6405,
72034,30.7692,31.4286,32.8571,36.4865,
72069,30,31.2977,34.2105,34.2857,
72104,29.0323,30.9859,34.2466,32.8358,
72139,29.8701,30.9859,33.7931,37.7483,
72174,28.5714,32.3944,34.6667,36.0544,
72209,28.3019,29.1667,32.8671,31.7829,

71789.5,71741.9,71820.6,71763.2,
57.3022,58.6859,63.554,67.3426,


71719,54.2857,55.5556,58.8235,56.6667,
71754,57.5419,57.7778,61.9048,61.7486,
71789,57.7143,59.7826,64.0719,65.7459,
71824,56.8182,58.4699,64.2857,67.7778,
71859,54.5455,55.8011,60.7362,67.7778,
71894,50.289,48.1928,58.8235,63.5359,
71929,41.1765,44.5783,53.9394,57.8947,
71964,38.6503,37.6623,46.8354,50.8982,
71999,37.8049,35.0649,40.5405,43.5583,
72034,31.5436,33.3333,34.8485,39.0728,
72069,33.7349,35.2518,33.3333,34.3284,
72104,31.3609,43.1579,35.4037,49.0566,
72139,32,35.8974,31.8841,37.1795,
72174,32.9341,35.7664,32.8859,33.8346,
72209,28.5714,35.1351,32.4324,34.2657,

71771.4,71791.1,71810.8,71843.5,
57.9131,59.7884,64.6865,68.2211,


71719,53.0726,57.377,56.5789,65.1685,
71754,57.6087,59.3407,60.2564,66.8571,
71789,59.3407,60.4396,60.2564,65.9091,
71824,55.4217,57.7778,60.2564,63.3333,
71859,53.6585,55.8011,54.9669,56.4706,
71894,50,49.7076,50.6667,50.303,
71929,45.3416,48.3871,44.8276,44.0994,
71964,41.9753,40.8284,38.1295,39.3548,
71999,51.2195,49.5146,35.8974,36.7089,
72034,33.3333,33.758,36.1111,37.7483,
72069,32.4675,33.3333,35.2113,37.2549,
72104,32.5301,35.6643,34.6405,36,
72139,34.2105,31.6129,32.3308,36.25,
72174,40.5405,40.1869,34.2105,38.3721,
72209,41.3534,37.5,33.3333,37.5796,

71781.3,71782.9,71754.7,71756.7,
59.5182,60.5493,60.2564,66.8713,


71719,51.6588,56.9378,56.0209,63.8191,
71754,55.814,59.322,58.4416,65.9091,
71789,57.2254,58.1921,62.0253,62.5,
71824,57.7143,54.8023,58.9404,56.9767,
71859,54.7619,49.4253,56.8627,52.3256,
71894,51.8072,45.0292,57.4713,45.8824,
71929,46.988,40.2439,52.0958,39.2405,
71964,46.9136,37.0629,39.5973,36.646,
71999,39.3103,35.5263,34.3066,35.3659,
72034,32.0755,31.5789,32.8767,38.255,
72069,45.0382,38.9474,34.1615,36,
72104,32.4841,32.4503,32.3944,37.9747,
72139,33.7209,31.6667,33.3333,37.8788,
72174,31.7365,30.8271,31.5789,36.0544,
72209,30.2632,32.0513,31.8841,37.5796,

71814.1,71760,71789.5,71751.8,
57.8846,59.3789,62.0292,65.9258,


71719,50.2959,56.1497,55.102,62.2222,
71754,53.012,58.5106,58.3893,65.3631,
71789,56.213,61.2903,59.4595,67.5978,
71824,55.0296,61.2903,57.6159,66.2921,
71859,53.012,59.1398,52.7027,63.3333,
71894,48.75,53.5912,47.9452,56.3218,
71929,46.0123,50.838,43.2624,52.5424,
71964,39.6226,48.0226,37.931,45.4545,
71999,36.3057,40.1198,35.2518,38.8535,
72034,50,49.0196,32.8767,38.2857,
72069,32,35,31.8519,35.8491,
72104,31.25,31.9149,31.9444,36.6197,
72139,32.5153,31.746,33.7662,37.1795,
72174,35.1724,37.0968,32.8767,39.759,
72209,30.4878,34.7222,32.4138,33.8346,

71794.4,71804.2,71786.2,71791.1,
56.2917,61.6098,59.4714,67.6108,


71615,36.4162,37.2781,43.2258,51.1364,
71655,44.5652,47.3118,49.0446,57.6087,
71695,47.541,52.381,56.213,63.2432,
71735,52.1739,57.2917,58.5366,65.4054,
71775,56.8421,58.7302,60.4651,65.4054,
71815,57.672,59.5745,58.3815,61.7021,
71855,56.2842,57.672,54.1176,53.9326,
71895,53.7634,54.0107,49.7076,45.8824,
71935,48.8889,51.5464,44.3787,38.5542,
71975,44.6328,40.5714,40.6061,36.1446,
72015,37.7246,36.5269,40.4762,34.1463,
72055,33.7349,34.1615,38.6503,36.5269,
72095,30.5389,31.2102,36.25,36.7089,

71804,71813.3,71778.1,71757.7,
57.782,59.5754,60.4736,65.7179,


71615,38.8889,42.3529,46.7456,56.9061,
71655,43.3155,48.8889,50.5882,61.0811,
71695,46.9613,53.8462,58.1921,64.3243,
71735,53.6082,57.1429,60.2273,64.1304,
71775,57.513,58.9189,61.1429,60.221,
71815,58.9474,57.1429,57.3965,55.6757,
71855,57.672,52.7473,53.5714,50.5376,
71895,56.0209,47.9769,49.7076,45.9459,
71935,52.0833,41.0405,41.25,37.2781,
71975,47.644,36.9048,35.9477,35.7576,
72015,44.5652,32.5444,32.8767,34.1463,
72055,38.5475,33.3333,32.8947,34.9693,
72095,30.9942,31.6129,35.7576,34.6667,

71813.3,71776.2,71767,71713.2,
58.9499,58.9233,61.2493,64.7706,


71615,44.3299,36.0947,46.4968,45.1429,
71655,41.0405,40.113,50.9434,51.4124,
71695,49.7382,46.6667,55.2795,59.5745,
71735,52.6882,54.6392,58.7879,64.1304,
71775,56.6138,57.2192,59.5092,66.3043,
71815,56.044,60.2094,56.3636,65.4054,
71855,55.914,60,50.6173,60.6383,
71895,51.6854,57.672,45.679,56.0209,
71935,45.0292,51.3812,41.25,45.6647,
71975,41.7143,44.9102,39.0244,41.1765,
72015,37.2093,39.8773,33.7662,36.9697,
72055,32.5301,38.0952,36.25,37.1069,
72095,30.1205,34.1615,31.5789,38.4615,

71783.6,71830,71763.3,71787.4,
56.8276,60.515,59.6789,66.4859,


71615,36.4162,38.9222,43.5583,48.6034,
71655,43.3333,44.8276,51.6854,54.8387,
71695,49.4624,51.6483,55.9322,61.4973,
71735,54.7368,55.914,58.8235,64.5161,
71775,55.1913,58.9189,61.6279,65.5914,
71815,57.377,58.9474,61.5819,63.6364,
71855,55.6757,54.1899,56.3218,58.9474,
71895,50.5618,51.6483,50,53.9267,
71935,44.186,46.3687,43.2099,45.1429,
71975,38.4615,38.6503,35.4839,37.8049,
72015,35.6322,35,34.1936,36.646,
72055,30.6818,30.9353,37.5,33.3333,
72095,29.8246,30.6122,33.3333,35.0993,

71820.7,71796.6,71796.6,71772.5,
57.4615,59.601,62.2228,65.5958,


71615,45.4545,44.0476,45.3488,55.6757,
71655,46.875,47.9769,51.1111,58.427,
71695,51.2953,55.6757,55.4286,64.1304,
71735,54.0107,57.377,60,65.4054,
71775,57.2917,58.4699,62.9213,63.6364,
71815,56.5217,55.5556,62.2857,57.8378,
71855,55.4348,51.9126,59.3407,52.4862,
71895,50.5618,45.1429,52.8736,44.3182,
71935,48.0226,40,44.5783,38.4615,
71975,42.5287,35.2941,38.4615,35.3293,
72015,38.2716,33.3333,33.7748,37.5723,
72055,33.3333,33.3333,34.5455,37.9747,
72095,32.5581,31.5068,34.1615,36.5854,

71781.8,71770.7,71785.5,71726.2,
57.4054,58.5116,63.0632,65.4486,


71615,40.6593,36.9048,45.122,41.5205,
71655,42.3729,42.5287,51.4451,49.7326,
71695,50.5376,47.541,55.6886,56.8421,
71735,52.6882,53.1915,58.0838,61.9048,
71775,56.1497,58.1152,62.2857,65.5914,
71815,57.4468,58.6957,59.5376,66.6667,
71855,54.4444,58.7302,57.3034,63.6364,
71895,50.5494,55.1913,50.8772,58.9474,
71935,46.0674,49.4506,41.6149,51.6129,
71975,41.8994,44.186,36.3057,45.2514,
72015,32.5714,43.0464,32.0755,39.1892,
72055,33.3333,36.2963,34.5029,35.8491,
72095,30.5882,34.2282,29.9363,36.3636,

71805.9,71841.1,71778.1,71805.9,
57.5725,58.9445,62.3109,66.796,


71615,37.5,38.0117,47.4359,54.023,
71655,42.3913,42.3729,51.8987,59.7765,
71695,47.5936,50,56.7901,64.1304,
71735,50.5494,55.3191,57.5,65.2174,
71775,56.8421,59.1623,57.1429,63.0435,
71815,58.9474,59.7884,53.3742,57.8378,
71855,56.5217,58.3333,48.1013,54.1667,
71895,54.3478,56.25,42.3077,46.0674,
71935,48.0226,49.4624,36.9128,36.646,
71975,43.6782,42.8571,32.8859,35.0318,
72015,36.8421,38.8235,32.4324,34.5912,
72055,32.5444,34.5679,34.6405,38.6503,
72095,30.2326,32.8947,32.9193,31.9149,

71807.7,71802.2,71754,71728.1,
59.0403,59.941,57.5583,65.2532,


71615,39.7849,41.8605,47.5,58.1921,
71655,42.7027,51.7949,51.8519,62.6374,
71695,47.027,54.4974,55.5556,64.6409,
71735,53.6082,58.1152,60,62.8415,
71775,56.4767,60,58.5799,59.5628,
71815,59.1623,58.9474,54.7619,52.2727,
71855,58.5106,56.8421,50.8982,45.0292,
71895,53.8462,50.2762,42.3077,42.0455,
71935,51.3514,45.2514,37.3333,35.7576,
71975,46.3687,38.9222,34.6405,38.8235,
72015,40.4494,34.9693,32.8859,40.3509,
72055,37.037,31.7647,30,36.0947,
72095,33.7278,34.3066,32.5153,36.1963,

71830,71776.2,71744.7,71694.7,
59.5247,59.9996,60.2306,64.6418,


71615,45.8128,36.0465,48.75,48.8636,
71655,42.5287,40.113,53.4591,57.2192,
71695,51.7949,46.5241,57.5,62.1622,
71735,54.1667,53.125,60.7143,65.0273,
71775,57.0681,57.513,56.5217,65.0273,
71815,57.672,60.2094,53.0864,63.0435,
71855,57.8947,60.8466,45.3333,58.5106,
71895,52.4862,58.3333,40,52.6882,
71935,49.4506,53.0055,39.6226,43.3526,
71975,43.0233,48.913,33.7838,38.8235,
72015,36.7232,43.5583,31.1258,35.9477,
72055,36.5854,38.255,31.5789,37.5723,
72095,32.5714,32.4675,33.3333,39.8773,

71841.1,71844.8,71731.8,71754,
58.3373,60.9363,60.7398,65.3337,


71304,35.0649,40.9091,38.2979,48.6726,
71354,38,42.8571,48.0769,58,
71404,49.0909,55.5556,59.2593,67.6768,
71454,58.6207,63.4409,65.7658,70.5882,
71504,64.9123,70.2128,70.9402,66.3366,
71554,70.4348,70.5263,68.6957,57.8947,
71604,70.1754,65.9574,59.2593,48.8889,
71654,67.4797,58.6957,50.9434,40.9091,
71704,59.5506,53.0612,44.6809,31.25,
71754,40.1869,48.4848,38.9831,39.726,

71573.1,71530.1,71516.6,71446.5,
70.9403,71.2221,71.2585,70.6639,


71304,35.5556,41.3333,38.4615,52.4752,
71354,35.4839,50,46.5347,65.3846,
71404,46.1538,59.1398,57.7982,70.6422,
71454,54.5455,68.4211,66.6667,69.8113,
71504,63.6364,71.7172,69.9115,63.1068,
71554,68.8073,68.75,67.5676,54.6392,
71604,70.6897,60,60.7477,45.6522,
71654,68.1416,51.7241,49.5146,36.9565,
71704,57.4074,37.5,41.6667,41.0526,
71754,51.9231,42.1053,33.3333,34.8315,

71613.8,71507.5,71505.3,71423.8,
70.7579,71.7226,69.9151,71.0244,


71304,35.4839,35.2113,38.4615,39.7849,
71354,38.1443,39.2405,49.0566,55.5556,
71404,49.5495,49.4506,59.6491,64.1509,
71454,58.2609,58.6957,68.595,68.6274,
71504,65.5172,65.9574,70.9402,71.1538,
71554,71.1864,70.8333,66.6667,64.3564,
71604,70.6897,70.2128,57.6923,55.3191,
71654,64.6018,66.3158,45.6311,43.4783,
71704,63.4783,61.7021,39.3939,36.8421,
71754,48.0769,45,34.6535,33.3333,

71577.6,71573.1,71493.9,71496.2,
72.0222,71.2688,71.0635,71.3186,


71304,36.2637,38.6667,34.6535,42.268,
71354,34.8315,42.8571,40.3846,53.8462,
71404,49.5327,56.044,54.5455,62.8866,
71454,58.1818,63.4409,64.9123,69.697,
71504,66.6667,70.8333,70.4348,70,
71554,71.6667,70.8333,69.6429,64,
71604,71.1864,63.8298,64.2857,54.1667,
71654,66.6667,52.9412,53.271,43.1579,
71704,59.6491,45.2381,44,37.7778,
71754,48.7805,42.2222,41.9355,36,

71573.1,71527.9,71521.1,71480.4,
72.089,71.9279,70.8008,70.7663,


71304,34.8837,42.8571,37.0787,51.9231,
71354,36.8421,51.1111,42.268,60.396,
71404,48.6239,60.8696,55.5556,67.619,
71454,55.5556,70.297,63.964,70.5882,
71504,63.6364,73.5849,69.6429,67.3077,
71554,71.1712,67.6768,70.4348,59.2233,
71604,69.0909,60,66.0714,50,
71654,65.4545,48.8372,55.3571,36.9565,
71704,60,48.3146,48.0769,36.0825,
71754,41.0526,36.5854,36.9565,37.0787,

71564.1,71496.2,71536.9,71453.2,
71.452,73.7599,70.6999,70.5877,


71304,34.7826,36,36.6337,39.5833,
71354,40,38.4615,44.7619,47.9167,
71404,47.1698,49.4253,57.5221,59.596,
71454,57.1429,58.6957,66.9421,66.6667,
71504,66.1017,69.697,71.4286,71.1538,
71554,71.4286,73.7374,70.4348,68.932,
71604,69.4915,69.3878,63.964,60,
71654,61.7391,62.1053,54.717,50,
71704,53.0303,51.4019,45.9016,42.3077,
71754,42,56.5217,36.2832,43.2432,

71566.3,71548.2,71521.1,71514.3,
71.6767,73.7895,71.74,71.3607,


71304,38,36.7089,43.6893,52.6882,
71354,41.5094,42.8571,51.8519,61.6162,
71404,48.1481,52.809,63.4783,68.932,
71454,57.265,64.5833,68.4211,68.932,
71504,64.7059,72.549,69.9115,64.7059,
71554,72.3077,72.2772,63.3028,54.6392,
71604,73.6434,67.0103,54.717,44.4444,
71654,69.0909,63.0435,46.1538,36.1702,
71704,65.3846,54.5455,40.8163,33.3333,
71754,54.4304,43.4783,42.5287,35.8491,

71586.7,71525.6,71491.7,71426.1,
74.1195,73.4347,70.1822,69.702,


71304,30.5263,38.8889,43.1193,56.5217,
71354,36.8421,45.8824,51.8519,66,
71404,44.2308,57.3034,62.5,69.5238,
71454,55.3571,68.4211,68.9655,65.0485,
71504,63.7931,71.134,71.4286,58.4158,
71554,71.1864,68.4211,67.2414,49.4949,
71604,72.8814,60.4396,57.5221,38.4615,
71654,67.5676,52.809,46.3918,32.5843,
71704,62.6168,48.8889,40.2062,36.1702,
71754,49.4949,40,36.6337,35.6322,

71588.9,71498.5,71500.7,71399,
73.2901,71.1563,71.4498,69.5726,


71304,38.8889,38.0952,48.0769,42.5926,
71354,36.7347,40.7407,52.2124,57.1429,
71404,46.2963,48.3146,61.8182,66.3366,
71454,55.3571,60.396,67.8571,70,
71504,64.7059,68.6274,69.6429,66.3366,
71554,71.6667,77.3913,64.2857,61.2245,
71604,72.3577,74.7748,54.717,47.2527,
71654,68.3333,70.6422,42.5743,38.6364,
71704,63.6364,63.0435,38,35.4839,
71754,51.8987,48.9362,41.9355,34.6535,

71584.4,71564.1,71493.9,71451,
72.8786,77.712,69.8135,70.0233,


66520,49.0741,56.9892,53.0612,44.6494,
66570,50.9259,57.6087,55,45.9259,
66620,52.0737,60.4278,56.7839,47.9554,
66670,52.2936,61.0526,57.1429,48.6989,
66720,53.6364,62.8866,57.9487,50.7463,
66770,54.3379,63.2653,58.3756,50.9294,
66820,55.2511,63.4518,58.5859,52.2388,
66870,55.2511,64.6465,59.799,52.2388,
66920,55.4545,64.6465,59.799,52.2388,
66970,56.3636,65,59.799,52.809,

66970,66970,66888.6,66970,
56.3636,65,59.9271,52.809,


66520,53.4247,61.8557,57.3604,49.0775,
66570,54.3379,63.0769,58.3756,50.9294,
66620,55.4545,64.467,58.794,51.1111,
66670,55.4545,64,59.799,52.2388,
66720,56.1644,64.3564,59.799,52.4164,
66770,56.3636,64.532,60,52.9851,
66820,56.3636,65.5172,61,53.1599,
66870,57.4661,65.6863,60.396,53.5581,
66920,56.7568,65.6863,60.396,53.7313,
66970,57.6577,66.8293,61.3861,54.1353,

66970,66970,66970,66970,
57.6577,66.8293,61.3861,54.1353,


66520,44.2308,52.0468,44.9438,40.6593,
66570,45.3745,54.1667,50.2392,40.5594,
66620,48.8372,54.5455,54.4554,43.7037,
66670,48.6726,55.7895,52.8846,42.7562,
66720,50.2304,58.4699,55.5556,45.7249,
66770,49.1228,58.1633,54.1463,45.1957,
66820,52.9954,60.6383,56.3452,48.3146,
66870,53.0435,61.3861,57.0732,48.9209,
66920,54.3379,62.5,58.3756,50.5618,
66970,53.7118,62.7451,57.4879,50.1805,

66929.3,66970,66927,66933.8,
54.4159,62.7451,58.4042,50.6943,


66520,51.1521,59.1398,56,46.1255,
66570,52.2936,60.6383,57.1429,48.3395,
66620,53.4247,62.1053,57.5758,49.8155,
66670,54.3379,62.5,58.5859,50.3704,
66720,54.5455,63.0769,58.794,50.9294,
66770,55.2511,63.2653,59,51.6729,
66820,55.6561,64.6465,60,51.6729,
66870,56.5611,65,61,52.9851,
66920,56.5611,65,60.396,52.9851,
66970,57.2727,65.1741,60.396,54.1353,

66970,66970,66872.8,66970,
57.2727,65.1741,61.0012,54.1353,


66520,54.5455,63.4518,59.596,50.7353,
66570,55.2511,64.6465,59.204,51.8519,
66620,56.1644,65.1741,60,52.5926,
66670,56.3636,65.5172,60.396,53.1599,
66720,56.7568,65.8537,60.396,53.9033,
66770,57.4661,66.0194,60.396,53.7313,
66820,57.6577,66.0194,61.3861,53.7313,
66870,57.6577,66.3462,61.7647,54.1353,
66920,57.6577,66.1836,61.7647,54.1353,
66970,57.8475,67.1498,61.7647,54.717,

66970,66970,66888.6,66970,
57.8475,67.1498,61.7772,54.717,


66520,44.6602,54.5455,49.7326,42.6471,
66570,49.0741,57.5419,55,44.2379,
66620,50,58.4699,55.2239,45.1852,
66670,50.2304,58.9189,55.2239,45.7249,
66720,51.3761,60.2151,56.7839,47.7612,
66770,52.2936,60.4278,56.7839,48.5075,
66820,53.4247,61.9048,57.5758,50,
66870,54.5455,63.3508,58.794,50.7463,
66920,54.5455,62.5,58.794,50.7463,
66970,55.8559,63.9175,60,52.4164,

66970,66970,66970,66970,
55.8559,63.9175,60,52.4164,


66520,50,57.1429,54.2289,44.2379,
66570,50.9259,58.9189,55.5556,45.7249,
66620,52.0737,60.6383,56.3452,46.8165,
66670,52.2936,61.0526,56.5657,47.9554,
66720,53.4247,61.658,56.9231,49.8127,
66770,53.4247,61.658,57.3604,49.8127,
66820,54.3379,63.0769,58.3756,50.7463,
66870,55.0459,63.6364,59.1837,51.8797,
66920,55.2511,63.6364,59.1837,51.4925,
66970,55.157,64.3564,60,52.4164,

66922.5,66970,66970,66970,
55.2515,64.3564,60,52.4164,


66520,53.211,61.4583,56.9231,48.1481,
66570,53.4247,62.2449,57.732,49.4424,
66620,54.8387,63.0769,57.9487,50.7463,
66670,54.5455,63.4518,58.1633,50.9294,
66720,55.2511,64.8241,59.1837,51.6729,
66770,55.2511,64.8241,59.1837,51.6729,
66820,56.3636,64.532,59.3909,52.4164,
66870,56.5611,65.5172,60.4061,52.9851,
66920,56.5611,65.5172,60.6061,53.5581,
66970,57.6577,65.8537,60.804,54.1353,

66970,66970,66970,66970,
57.6577,65.8537,60.804,54.1353,


66520,45.5399,50.2959,46.1538,39.9267,
66570,43.8424,52.0468,51.269,41.6974,
66620,47.907,55.5556,54.6798,43.4944,
66670,48.8584,57.1429,54.6798,44.5693,
66720,51.3761,58.9189,55.5556,46.6165,
66770,50.9091,58.6957,55.5556,46.8165,
66820,52.9412,60.6383,57.1429,48.8722,
66870,53.6364,62.1053,57.1429,49.8127,
66920,53.6364,62.1053,57.1429,49.8127,
66970,54.3379,62.8866,58.3756,51.6981,

66970,66970,66970,66970,
54.3379,62.8866,58.3756,51.6981,


65520,27.4725,41.0256,24,26.6667,
65770,30.1075,41.9355,26.6667,30.6273,
66020,35.0785,45.9119,31.1688,34.058,
66270,42.2886,53.0726,45.1429,40.3636,
66520,50.9259,59.3583,55.5556,47.0149,
66770,55.4545,64.2857,58.794,52.2388,
67020,56.5611,65.5172,60,53.3835,
67270,57.8475,66.1836,61.5764,54.717,
67520,59.1111,67.3077,62.1359,55.8935,
67770,59.4714,68.1159,63.6364,56.4885,

67770,67770,67770,67770,
59.4714,68.1159,63.6364,56.4885,


65520,27.1739,41.6149,24.183,25.8182,
65770,29.0323,42.1384,26.4516,29.4545,
66020,35.4167,45.7831,33.3333,33.3333,
66270,41.4141,51.1364,44,40.0722,
66520,54.5455,63.4518,58.3756,51.1111,
66770,57.8475,66.0194,61,53.7313,
67020,58.7444,67.1498,62.5616,55.303,
67270,59.1111,68.2692,63.1068,55.7252,
67520,59.292,67.4641,63.4615,56.4885,
67770,60.177,68.4211,63.6364,56.5891,

67770,67770,67770,67770,
60.177,68.4211,63.6364,56.5891,


65520,26.1364,40.7895,22.7586,27.8195,
65770,30.7692,42.4837,27.027,29.8113,
66020,34.7368,44.6541,31.5789,34.3066,
66270,40.2985,49.7006,44.7514,39.4161,
66520,47.1698,54.023,53.4653,42.7509,
66770,53.211,60.8466,57.1429,48.8722,
67020,55.4545,64.467,59.596,52.6316,
67270,56.5611,65.1741,60.804,53.5581,
67520,56.9507,66.6667,61.194,54.1353,
67770,58.0357,67.1498,61.7647,55.303,

67770,67770,67770,67770,
58.0357,67.1498,61.7647,55.303,


65520,25.8427,40.2597,23.4899,26.7399,
65770,30.4348,42.3077,26.6667,31.8681,
66020,33.6898,45.679,32.4841,34.296,
66270,46.4115,56.044,51.5789,43.3824,
66520,52.9954,60.8466,57,49.2537,
66770,55.8559,64.467,59.799,52.4164,
67020,57.1429,65.8537,61.5764,54.3071,
67270,58.9286,67.1498,62.9268,55.8935,
67520,58.1197,66.1972,62.3853,53.9033,
67770,60,67.9612,63.6364,56.4885,

67770,67770,67770,67770,
60,67.9612,63.6364,56.4885,


65520,26.257,40.5063,22.973,26.3538,
65770,31.1828,42.1384,26.7974,29.7101,
66020,35,44.7059,32.5301,33.1034,
66270,44.1176,55.914,50.2645,41.8182,
66520,55.8559,65.1741,60.199,52.4164,
66770,58.0357,66.3462,61.5764,54.717,
67020,59.1111,67.4641,63.1068,55.303,
67270,59.292,67.3077,63.285,55.7252,
67520,59.4714,68.1159,63.6364,55.8935,
67770,60.177,67.4641,63.8095,55.8935,

67770,67555.2,67770,67623,
60.177,68.1354,63.8095,55.9062,


65520,26.9663,41.1765,23.2877,26.7925,
65770,30.3867,42.6667,27.027,31.8519,
66020,35.4167,45.2229,35.443,34.296,
66270,41.8719,50.2959,47.027,39.6364,
66520,48.5981,56.9061,53.0612,44.0299,
66770,53.4247,61.9048,57.5758,50.5618,
67020,55.8559,64.8241,60,53.3835,
67270,57.6577,65.5172,61.194,53.9623,
67520,58.0357,66.6667,61.7647,54.5455,
67770,58.9286,68.1159,62.9268,55.7252,

67770,67770,67770,67770,
58.9286,68.1159,62.9268,55.7252,


65520,27.8689,39.7436,22.449,25.6506,
65770,31.9149,41.0256,25.6757,29.8507,
66020,35.4167,44.7853,32.0513,34.058,
66270,40.5941,48.503,42.0455,38.4058,
66520,49.7674,56.1798,53.3679,44.7761,
66770,53.4247,62.3037,57.1429,49.2537,
67020,55.6561,64.2857,59.1837,52.6316,
67270,57.8475,65.8537,61,54.717,
67520,58.2222,67.3077,61.7647,55.4717,
67770,60,68.2692,63.285,56.4885,

67770,67770,67770,67770,
60,68.2692,63.285,56.4885,


65520,25.9669,40.3727,22.449,25.8182,
65770,30.5263,41.9753,25,30.2158,
66020,32.9843,45.2381,32.4841,33.5714,
66270,40.5941,50.2825,41.3174,38.8489,
66520,52.2936,60.2094,56.3452,47.4074,
66770,55.6561,64.1791,59.596,52.4164,
67020,58.0357,66.9903,61.194,55.4717,
67270,59.1111,67.4641,62.7451,56.3218,
67520,60,67.3077,63.285,56.9231,
67770,60.177,68.1159,64.4231,56.9231,

67770,67770,67770,67623,
60.177,68.1159,64.4231,56.9929,


65520,26.9663,39.4737,21.6783,25.7576,
65770,29.6703,41.5584,26.0274,31.2977,
66020,34.375,43.949,32.4503,34.0741,
66270,41.0628,48.503,37.037,37.4545,
66520,45.7143,52.6627,49.4624,42.2222,
66770,52.2936,60.4278,56.3452,48.6792,
67020,54.5455,62.5,58.1633,51.1278,
67270,56.5611,64.8241,59.3909,53.3835,
67520,56.9507,65.5172,60.6061,53.9623,
67770,58.0357,66.9903,61.3861,54.717,

67770,67770,67770,67770,
58.0357,66.9903,61.3861,54.717,


64674,37.963,52.8302,31.25,34.6535,
64724,39.9177,52.4229,35.5556,33.9623,
64774,45.7778,54.9296,39.3939,38.9262,
64824,48.8987,57.2093,44.0476,41.0169,
64874,53.7778,61.435,52.5424,45.9649,
64924,53.0973,60.7143,52,45.9649,
64974,58.5903,65.1786,60.4167,51.8248,
65024,61.039,67.7419,63.4518,55.8052,
65074,63.4783,68.5714,67.1498,58.4615,
65124,64.3478,69.378,68.8679,60.6299,

65124,65124,65124,65124,
64.3478,69.378,68.8679,60.6299,


64674,38.5321,53.0516,33.3333,35.0993,
64724,41.704,54.2056,34.1615,36.4238,
64774,46.9027,55.5556,39.8773,38.9262,
64824,49.5575,57.9909,43.9024,41.7808,
64874,54.6667,61.7778,52.8736,47.5177,
64924,54.4643,62.5,52.2727,47.1831,
64974,60.3524,66.21,61.8557,53.5055,
65024,62.4454,67.4419,65.1741,56.0606,
65074,63.6364,69.2308,68.4211,59.5331,
65124,65.0655,69.378,69.6682,61.2648,

65124,65124,65124,65124,
65.0655,69.378,69.6682,61.2648,


64674,36.7442,52.381,33.7423,34.8837,
64724,40.1786,53.3333,34.5455,35.5482,
64774,43.3628,54.5024,37.3494,37.5839,
64824,46.6667,56.3981,41.3174,40.411,
64874,52.6786,59.633,49.1329,44.5614,
64924,52.6786,59.633,50,44.5614,
64974,57.5221,65.3333,57.377,51.2727,
65024,60,66.21,61.658,54.0741,
65074,62.931,68.2692,65.6863,57.8544,
65124,63.6364,69.2308,67.619,59.6899,

65124,65124,65124,65124,
63.6364,69.2308,67.619,59.6899,


64674,37.7193,51.5982,32.1637,33.758,
64724,39.9103,53.5545,35.7576,36.4238,
64774,45.5357,54.717,38.9222,39.3939,
64824,47.5556,57.0093,44.0476,41.4966,
64874,52.6786,60.3604,50.289,46.4789,
64924,52.6786,60.9091,50.2959,46.4789,
64974,58.5903,65.3333,60.4167,52.381,
65024,61.5721,66.9725,63,55.6391,
65074,63.4783,68.5714,67.4641,59.5331,
65124,64.1921,69.2308,68.8679,59.8425,

65124,65124,65124,65124,
64.1921,69.2308,68.8679,59.8425,


64674,38.5321,53.0516,34.5455,35.082,
64724,40.0922,54.2056,35.3659,36.8421,
64774,45.7778,55.5556,42.3529,39.3333,
64824,49.3333,57.9909,46.5116,42.1769,
64874,54.2601,61.9469,54.6961,47.7032,
64924,53.7778,61.9469,55.1913,47.7032,
64974,59.4714,65.7658,62.0513,53.9033,
65024,61.7391,66.5116,65.3465,56.654,
65074,64.1921,69.378,67.9245,60,
65124,65.0655,69.378,69.0141,61.2648,

65124,65094.6,65124,65124,
65.0655,69.7646,69.0141,61.2648,


64674,36.4055,52.1531,33.3333,34.4371,
64724,39.9103,53.3333,34.5238,35.5482,
64774,42.3423,54.2857,38.9222,37.7926,
64824,46.9027,55.4502,42.515,40.339,
64874,52.2523,59.0909,48.8095,45.7746,
64924,51.5695,58.9041,48.8372,45.2632,
64974,57.3333,64.4444,58.5106,51.8248,
65024,60,66.5158,61.658,54.0741,
65074,62.931,67.7725,66.1836,57.6923,
65124,63.6364,68.5714,67.4641,59.0734,

65124,65124,65124,65124,
63.6364,68.5714,67.4641,59.0734,


64674,37.037,53.0516,33.7423,35.0993,
64724,41.7391,53.4884,34.9398,35.7616,
64774,45.8515,54.8387,38.6503,38.7205,
64824,49.7797,56.3636,40.7407,40.6143,
64874,53.9823,60.8889,49.1124,45.7746,
64924,53.9823,60.7143,49.3976,45.7746,
64974,58.5903,65.0224,59.7884,51.8248,
65024,61.5721,66.6667,63.0769,55.0562,
65074,63.4783,69.2308,67.9612,58.9147,
65124,64.3478,69.2308,68.2692,59.5331,

65124,65094.6,65124,65124,
64.3478,69.552,68.2692,59.5331,


64674,37.6744,53.271,36.9048,35.0993,
64724,40.9091,53.7037,33.75,36.6667,
64774,47.5556,55.9633,39.8773,39.3939,
64824,50.2222,58.1818,44.5783,41.7808,
64874,55.3571,62.5,52.3256,46.9965,
64924,55.3571,61.9469,52.9412,46.9965,
64974,59.8253,66.21,61.4583,53.5055,
65024,61.7391,66.5116,63.8191,55.6391,
65074,64.3478,68.5714,68.5714,59.5331,
65124,64.3478,68.5714,68.5714,60,

65094.6,65094.6,65094.6,65124,
64.667,68.8741,69.193,60,


64674,36.7442,53.6232,32.9114,34.8993,
64724,38.2488,54.2857,34.1615,36.2416,
64774,45.3745,55.2381,37.037,38.3051,
64824,47.3684,56.0748,41.1043,40.411,
64874,52.4229,60.3687,46.0123,44.5614,
64924,53.0973,60.3687,46.0123,44.5614,
64974,58.4071,65.7658,56.8182,50.5455,
65024,60.5263,66.9725,61.0811,53.9033,
65074,63.6364,69.0821,66.5025,58.3012,
65124,63.4783,69.0821,66.6667,58.3012,

65092.3,65094.6,65124,65094.6,
63.9728,69.369,66.6667,58.817,


