18.1985
28.1627
32.1384
34.3065
36.5045
38.0573
39.2904
39.3033
38.199
37.3773
35.2969
32.4292
30.2529
27.3221
24.2815
20.8655
22.1973
34.1587
38.9507
42.0502
44.2575
46.7312
50.4083
51.6672
48.8607
46.5717
44.1417
40.8149
37.6072
34.208
30.4531
25.8629
22.9899
35.5904
40.4834
43.9569
46.2027
49.4557
54.5032
56.7315
52.5482
48.4514
45.6584
42.527
39.4264
35.5155
32.0793
27.0847
23.3134
35.7965
40.7522
44.0612
46.9032
50.9339
57.102
60.8502
54.5224
48.9006
46.0612
43.6211
40.3255
36.3508
32.3414
27.4451
23.1952
35.8282
40.7725
43.6054
46.5541
50.2989
55.3705
57.209
53.1308
48.2462
45.4944
43.0342
39.7525
36.1228
32.1405
27.1998
22.3154
34.8103
39.8526
42.8042
45.0765
48.1985
50.8721
51.7209
48.7979
46.5784
44.1085
41.3811
38.3327
34.9068
30.998
26.2723
21.0699
32.7212
37.3052
40.5937
42.6246
44.7064
46.397
46.908
45.117
43.4358
41.3509
38.9578
35.8602
32.671
29.1298
24.3258
16.186
25.6375
29.8223
32.0859
33.2957
33.8246
34.8014
35.1044
34.3059
33.3487
31.9422
30.2731
28.0822
25.3432
22.5716
19.1518
